%    T1-P1  T1-P2  T1-P3  T2-P1  T2-P2  T2-P3  T3-P1  T3-P2  T3-P3  T4-P1  T4-P2  T4-P3  T5-P1  T5-P2  T5-P3
     -0.42   0.18   0.39   0.14   0.09  -0.06   0.27   0.08   1.21   0.50  -0.44   0.57   0.47  -0.16   1.23
     -0.52   0.14   0.35  -0.01   0.04  -0.08   0.11   0.06   1.14   0.68  -0.35   0.51   0.27  -0.15   1.17
     -0.77   0.17   0.32  -0.18   0.03  -0.09   0.11   0.05   1.09   0.67  -0.37   0.48   0.25  -0.09   1.14
     -0.86   0.10   0.30  -0.15   0.00  -0.09   0.06   0.11   1.05   0.12  -0.26   0.46   0.13  -0.01   1.10
     -1.17   0.07   0.27  -0.45  -0.01  -0.10   0.10   0.14   1.00   0.46  -0.13   0.43   0.25   0.10   1.06
     -1.35   0.06   0.25  -0.66   0.00  -0.11  -0.09   0.25   0.96   0.29  -0.14   0.41   0.02   0.24   1.02
     -1.32   0.14   0.22  -0.73   0.02  -0.12  -0.09   0.39   0.91   0.17   0.03   0.39  -0.07   0.24   0.97
     -1.30   0.13   0.21  -0.87   0.01  -0.12  -0.08   0.51   0.88   0.03   0.03   0.38  -0.04   0.40   0.94
     -1.36   0.14   0.19  -0.98   0.01  -0.12  -0.10   0.70   0.85  -0.08   0.21   0.37  -0.14   0.58   0.90
     -1.24   0.27   0.17  -0.96   0.04  -0.12  -0.08   0.87   0.81   0.11   0.38   0.37  -0.17   0.76   0.87
     -1.21   0.21   0.15  -0.91   0.05  -0.12  -0.05   0.93   0.79   0.08   0.38   0.36  -0.23   0.87   0.83
     -1.22   0.26   0.14  -0.98   0.14  -0.11   0.02   1.06   0.76   0.08   0.52   0.37  -0.08   0.88   0.80
     -1.05   0.29   0.12  -0.85   0.13  -0.11  -0.02   1.16   0.72   0.02   0.64   0.37  -0.03   1.01   0.77
     -0.99   0.41   0.10  -0.82   0.20  -0.11   0.03   1.17   0.68   0.11   0.65   0.38   0.10   1.01   0.73
     -1.25   0.40   0.08  -0.98   0.16  -0.11  -0.06   1.16   0.63  -0.03   0.77   0.38   0.06   1.08   0.69
     -1.16   0.38   0.08  -0.86   0.22  -0.09  -0.11   1.21   0.60   0.18   0.77   0.39   0.13   1.17   0.67
     -1.00   0.46   0.07  -0.68   0.25  -0.08  -0.07   1.22   0.57   0.19   0.86   0.41   0.11   1.17   0.65
     -0.97   0.50   0.05  -0.63   0.29  -0.08  -0.07   1.14   0.51   0.21   0.87   0.41   0.04   1.22   0.61
     -0.82   0.53   0.04  -0.59   0.30  -0.07  -0.10   1.14   0.47   0.26   0.93   0.41  -0.02   1.19   0.58
     -0.84   0.56   0.03  -0.50   0.36  -0.07  -0.06   1.16   0.43   0.09   0.94   0.41  -0.11   1.21   0.55
     -0.80   0.60   0.01  -0.49   0.42  -0.06   0.01   1.20   0.40   0.00   0.96   0.42  -0.03   1.24   0.53
     -0.63   0.66   0.01  -0.34   0.51  -0.05   0.15   1.21   0.36   0.06   0.99   0.43   0.07   1.25   0.49
     -0.77   0.74   0.01  -0.50   0.60  -0.04   0.03   1.26   0.32  -0.08   1.01   0.44   0.05   1.29   0.47
     -0.47   0.82  -0.02  -0.28   0.58  -0.05   0.02   1.27   0.28  -0.12   1.05   0.45   0.04   1.31   0.43
     -0.62   0.85  -0.03  -0.50   0.61  -0.05   0.01   1.34   0.25  -0.24   1.07   0.44   0.01   1.36   0.40
     -0.69   0.97  -0.04  -0.66   0.70  -0.04  -0.02   1.36   0.21  -0.33   1.13   0.45  -0.03   1.38   0.38
     -0.39   1.06  -0.04  -0.37   0.79  -0.04  -0.05   1.45   0.16  -0.20   1.16   0.44  -0.04   1.46   0.34
     -0.31   1.15  -0.05  -0.40   0.86  -0.04   0.05   1.43   0.13  -0.20   1.25   0.43   0.02   1.56   0.32
     -0.49   1.23  -0.04  -0.54   1.00  -0.02  -0.00   1.45   0.09  -0.22   1.28   0.41  -0.12   1.59   0.28
     -0.56   1.26  -0.06  -0.56   1.04  -0.03   0.02   1.52   0.05  -0.23   1.33   0.40  -0.07   1.63   0.25
     -0.41   1.29  -0.07  -0.47   1.16  -0.03   0.01   1.53   0.01  -0.28   1.43   0.38  -0.09   1.71   0.21
     -0.30   1.42  -0.08  -0.42   1.09  -0.03  -0.07   1.58  -0.03  -0.17   1.48   0.35  -0.12   1.72   0.17
     -0.47   1.32  -0.09  -0.53   1.16  -0.03  -0.07   1.58  -0.07  -0.20   1.56   0.32  -0.18   1.75   0.13
     -0.35   1.30  -0.09  -0.42   1.06  -0.03  -0.07   1.57  -0.12  -0.12   1.62   0.29  -0.13   1.78   0.08
     -0.38   1.19  -0.11  -0.37   1.07  -0.05  -0.01   1.54  -0.17  -0.13   1.68   0.25  -0.07   1.80   0.02
     -0.29   1.13  -0.13  -0.24   0.90  -0.07  -0.14   1.51  -0.20  -0.12   1.75   0.22  -0.04   1.77  -0.03
     -0.53   1.00  -0.14  -0.51   0.91  -0.08  -0.12   1.50  -0.25  -0.08   1.80   0.18  -0.07   1.78  -0.09
     -0.40   1.09  -0.17  -0.46   0.91  -0.11  -0.18   1.43  -0.30   0.06   1.80   0.13  -0.08   1.69  -0.16
     -0.45   0.97  -0.19  -0.53   0.84  -0.13  -0.14   1.28  -0.35   0.14   1.85   0.06  -0.03   1.56  -0.23
     -0.74   0.91  -0.22  -0.71   0.70  -0.16  -0.25   1.23  -0.39   0.18   1.69  -0.01  -0.22   1.52  -0.28
     -0.78   0.78  -0.23  -0.73   0.63  -0.18  -0.30   1.05  -0.43   0.13   1.71  -0.09  -0.20   1.38  -0.34
     -0.90   0.70  -0.26  -0.82   0.61  -0.21  -0.28   0.86  -0.46   0.46   1.58  -0.18  -0.15   1.18  -0.39
     -0.88   0.51  -0.29  -0.82   0.47  -0.23  -0.32   0.60  -0.50   0.43   1.58  -0.29  -0.22   1.01  -0.44
     -0.87   0.44  -0.30  -0.85   0.43  -0.25  -0.48   0.48  -0.53   0.48   1.45  -0.39  -0.28   0.98  -0.49
     -0.94   0.35  -0.33  -0.88   0.27  -0.28  -0.52   0.07  -0.57   0.58   1.46  -0.50  -0.21   0.72  -0.54
     -1.11   0.18  -0.36  -1.00   0.22  -0.31  -0.57  -0.14  -0.59   0.65   1.30  -0.60  -0.24   0.39  -0.59
     -0.75   0.17  -0.39  -0.70   0.15  -0.34  -0.59  -0.26  -0.62   0.60   1.32  -0.70  -0.19   0.12  -0.64
     -0.90   0.04  -0.44  -0.78   0.02  -0.37  -0.54  -0.43  -0.65   0.39   1.10  -0.83  -0.30  -0.12  -0.69
     -1.09  -0.10  -0.48  -0.97  -0.06  -0.41  -0.56  -0.60  -0.67   0.44   1.14  -0.94  -0.37  -0.31  -0.74
     -0.94  -0.21  -0.54  -0.82  -0.11  -0.45  -0.55  -0.67  -0.69   0.50   0.87  -1.04  -0.34  -0.45  -0.79
     -0.82  -0.28  -0.59  -0.68  -0.09  -0.48  -0.66  -0.77  -0.71   0.42   0.90  -1.13  -0.52  -0.69  -0.83
     -1.27  -0.34  -0.63  -1.05  -0.16  -0.51  -0.71  -0.85  -0.73   0.41   0.62  -1.23  -0.59  -0.77  -0.88
     -1.23  -0.36  -0.67  -1.02  -0.20  -0.53  -0.80  -0.92  -0.74   0.44   0.31  -1.31  -0.57  -0.84  -0.91
     -1.17  -0.42  -0.70  -0.98  -0.21  -0.55  -0.84  -0.97  -0.75   0.45  -0.28  -1.38  -0.57  -0.90  -0.95
     -1.29  -0.47  -0.73  -1.05  -0.29  -0.57  -0.91  -1.05  -0.77   0.55  -0.48  -1.44  -0.62  -1.02  -0.98
     -1.09  -0.45  -0.75  -0.97  -0.23  -0.58  -0.95  -1.10  -0.78   0.46  -0.78  -1.50  -0.59  -1.07  -1.01
     -1.11  -0.54  -0.77  -1.01  -0.28  -0.59  -1.02  -1.14  -0.79   0.41  -1.02  -1.53  -0.64  -1.11  -1.03
     -1.17  -0.58  -0.77  -1.03  -0.35  -0.60  -1.04  -1.17  -0.80   0.25  -1.17  -1.56  -0.53  -1.16  -1.05
     -1.11  -0.60  -0.78  -0.93  -0.36  -0.61  -0.97  -1.18  -0.80   0.12  -1.30  -1.58  -0.43  -1.20  -1.06
     -1.29  -0.60  -0.78  -1.01  -0.42  -0.61  -0.97  -1.21  -0.81  -0.08  -1.48  -1.60  -0.33  -1.29  -1.07
     -1.03  -0.73  -0.78  -0.80  -0.46  -0.61  -0.85  -1.22  -0.82  -0.04  -1.60  -1.61  -0.43  -1.35  -1.07
     -0.98  -0.73  -0.78  -0.82  -0.53  -0.61  -0.86  -1.25  -0.82  -0.07  -1.76  -1.61  -0.35  -1.38  -1.08
     -0.96  -0.73  -0.77  -0.76  -0.49  -0.61  -0.83  -1.24  -0.83  -0.46  -1.77  -1.61  -0.52  -1.40  -1.08
     -0.89  -0.84  -0.77  -0.73  -0.58  -0.61  -0.90  -1.28  -0.83  -0.77  -1.78  -1.61  -0.74  -1.43  -1.08
     -0.79  -0.84  -0.75  -0.64  -0.55  -0.60  -0.94  -1.29  -0.83  -0.83  -1.73  -1.61  -0.86  -1.44  -1.08
     -0.65  -0.78  -0.75  -0.59  -0.54  -0.60  -1.06  -1.34  -0.84  -0.87  -1.72  -1.60  -0.98  -1.44  -1.08
     -0.50  -0.82  -0.73  -0.49  -0.60  -0.59  -1.00  -1.34  -0.84  -0.89  -1.69  -1.57  -1.01  -1.44  -1.07
     -0.44  -0.81  -0.73  -0.39  -0.59  -0.59  -1.10  -1.39  -0.83  -1.01  -1.68  -1.56  -1.15  -1.44  -1.07
     -0.31  -0.73  -0.70  -0.33  -0.60  -0.58  -1.26  -1.39  -0.83  -1.22  -1.68  -1.54  -1.40  -1.44  -1.06
     -0.41  -0.71  -0.68  -0.40  -0.57  -0.57  -1.36  -1.44  -0.83  -1.37  -1.67  -1.51  -1.65  -1.47  -1.05
     -0.21  -0.67  -0.68  -0.29  -0.52  -0.57  -1.45  -1.44  -0.83  -1.35  -1.66  -1.49  -1.76  -1.48  -1.04
     -0.10  -0.53  -0.64  -0.17  -0.35  -0.55  -1.34  -1.45  -0.83  -1.18  -1.64  -1.47  -1.73  -1.49  -1.03
      0.26  -0.43  -0.61   0.11  -0.25  -0.54  -1.26  -1.49  -0.82  -1.07  -1.66  -1.44  -1.66  -1.53  -1.01
      0.41  -0.35  -0.59   0.17  -0.11  -0.53  -1.15  -1.52  -0.82  -1.01  -1.65  -1.42  -1.41  -1.54  -1.00
      0.48  -0.33  -0.55   0.30  -0.01  -0.51  -1.12  -1.46  -0.81  -0.91  -1.65  -1.39  -1.37  -1.57  -0.99
      0.52  -0.26  -0.49   0.39  -0.02  -0.48  -1.09  -1.46  -0.80  -0.85  -1.65  -1.37  -1.25  -1.55  -0.97
      0.66  -0.21  -0.44   0.49   0.03  -0.46  -1.02  -1.43  -0.79  -0.85  -1.64  -1.35  -1.18  -1.56  -0.96
      0.81  -0.36  -0.40   0.63   0.04  -0.43  -1.17  -1.36  -0.79  -0.78  -1.63  -1.33  -1.20  -1.55  -0.94
      0.55  -0.43  -0.35   0.65  -0.01  -0.41  -1.22  -1.32  -0.78  -0.65  -1.63  -1.31  -1.25  -1.53  -0.93
      0.53  -0.45  -0.27   0.66  -0.05  -0.37  -1.16  -1.23  -0.77  -0.52  -1.61  -1.30  -1.09  -1.47  -0.92
      0.67  -0.65  -0.21   0.75  -0.06  -0.33  -1.25  -1.19  -0.76  -0.37  -1.59  -1.30  -1.09  -1.38  -0.91
      0.81  -1.01  -0.15   1.01  -0.09  -0.29  -0.95  -1.13  -0.75  -0.16  -1.59  -1.30  -0.84  -1.28  -0.90
      1.20  -1.19  -0.08   1.15  -0.24  -0.25  -0.85  -1.09  -0.75  -0.13  -1.55  -1.31  -0.65  -1.21  -0.90
      1.31  -1.28  -0.04   1.19  -0.40  -0.23  -0.80  -1.12  -0.74  -0.15  -1.48  -1.31  -0.58  -1.14  -0.89
      2.07  -1.28   0.02   1.47  -0.55  -0.19  -0.60  -1.13  -0.74  -0.05  -1.40  -1.31  -0.39  -1.08  -0.89
      1.87  -1.23   0.06   1.40  -0.62  -0.17  -0.48  -1.16  -0.73   0.01  -1.33  -1.31  -0.35  -1.07  -0.89
      1.80  -1.24   0.09   1.20  -0.75  -0.15  -0.60  -1.16  -0.73   0.06  -1.28  -1.31  -0.23  -1.09  -0.89
      1.72  -1.19   0.13   0.93  -0.80  -0.12  -0.55  -1.14  -0.73   0.15  -1.26  -1.31  -0.20  -1.11  -0.89
      1.50  -1.12   0.14   0.68  -0.79  -0.11  -0.54  -1.16  -0.73   0.18  -1.27  -1.30  -0.21  -1.15  -0.89
      1.45  -1.04   0.17   0.50  -0.78  -0.08  -0.65  -1.15  -0.74   0.04  -1.30  -1.29  -0.35  -1.15  -0.90
      1.36  -0.96   0.18   0.31  -0.77  -0.07  -0.47  -1.15  -0.74   0.04  -1.33  -1.28  -0.21  -1.18  -0.90
      1.42  -0.87   0.21   0.31  -0.70  -0.03  -0.52  -1.14  -0.75  -0.19  -1.32  -1.29  -0.44  -1.17  -0.92
      1.38  -0.86   0.22   0.39  -0.70  -0.01  -0.53  -1.12  -0.75  -0.20  -1.36  -1.31  -0.45  -1.21  -0.93
      1.23  -0.86   0.22   0.46  -0.62   0.01  -0.63  -1.07  -0.76  -0.30  -1.36  -1.33  -0.39  -1.17  -0.95
      1.07  -0.78   0.24   0.43  -0.54   0.04  -0.99  -1.05  -0.76  -0.49  -1.33  -1.36  -0.65  -1.14  -0.95
      0.87  -0.77   0.24   0.56  -0.52   0.07  -1.21  -1.04  -0.77  -0.49  -1.29  -1.39  -0.78  -1.12  -0.96
      0.68  -0.69   0.27   0.49  -0.44   0.11  -1.51  -1.03  -0.77  -0.58  -1.25  -1.42  -1.08  -1.08  -0.97
      0.90  -0.68   0.29   0.80  -0.41   0.16  -1.74  -0.97  -0.77  -0.76  -1.23  -1.46  -1.31  -1.07  -0.98
      1.17  -0.67   0.31   1.11  -0.40   0.20  -1.61  -0.94  -0.77  -0.97  -1.22  -1.49  -1.48  -1.05  -0.98
      1.44  -0.57   0.36   1.32  -0.29   0.27  -1.41  -0.86  -0.78  -1.29  -1.20  -1.52  -1.34  -1.01  -0.99
      1.67  -0.53   0.40   1.57  -0.24   0.33  -1.34  -0.74  -0.77  -1.30  -1.17  -1.55  -1.21  -0.89  -1.00
      1.63  -0.42   0.43   1.57  -0.12   0.39  -1.20  -0.69  -0.77  -1.08  -1.04  -1.58  -1.12  -0.86  -1.00
      1.68  -0.39   0.46   1.59  -0.10   0.44  -1.32  -0.66  -0.77  -0.97  -0.99  -1.62  -1.18  -0.83  -1.01
      1.78  -0.29   0.52   1.52  -0.06   0.52  -1.33  -0.61  -0.76  -0.93  -0.89  -1.64  -1.07  -0.81  -1.01
      1.18  -0.25   0.56   1.16   0.06   0.59  -1.44  -0.57  -0.76  -1.06  -0.84  -1.67  -1.25  -0.74  -1.02
      1.12  -0.21   0.60   1.32   0.08   0.65  -1.61  -0.53  -0.75  -1.09  -0.74  -1.70  -1.49  -0.70  -1.02
      0.96  -0.15   0.64   1.33   0.13   0.72  -1.77  -0.49  -0.74  -1.17  -0.68  -1.72  -1.64  -0.68  -1.01
      1.09  -0.02   0.69   1.61   0.19   0.81  -1.74  -0.43  -0.73  -1.19  -0.62  -1.73  -1.71  -0.66  -1.01
      1.11   0.04   0.76   1.77   0.30   0.91  -1.55  -0.40  -0.72  -1.22  -0.62  -1.74  -1.75  -0.64  -1.00
      1.20   0.10   0.83   1.81   0.45   1.03  -1.29  -0.34  -0.71  -1.43  -0.62  -1.75  -1.50  -0.64  -0.99
      1.28   0.27   0.91   1.96   0.61   1.15  -1.05  -0.26  -0.70  -1.52  -0.64  -1.75  -1.47  -0.66  -0.98
      1.44   0.33   0.98   2.15   0.73   1.27  -0.67  -0.26  -0.68  -1.49  -0.66  -1.74  -1.34  -0.65  -0.97
      1.33   0.54   1.06   2.11   0.89   1.40  -0.69  -0.24  -0.66  -1.55  -0.60  -1.73  -1.34  -0.64  -0.95
      1.44   0.59   1.15   2.34   0.95   1.54  -0.57  -0.23  -0.64  -1.54  -0.47  -1.72  -1.35  -0.55  -0.94
      1.39   0.70   1.23   2.33   0.98   1.67  -0.56  -0.32  -0.62  -1.41  -0.34  -1.71  -1.42  -0.46  -0.92
      1.78   0.81   1.32   2.60   1.01   1.81  -0.71  -0.34  -0.60  -1.34  -0.21  -1.69  -1.59  -0.31  -0.90
      1.76   1.15   1.41   2.59   1.02   1.96  -0.69  -0.23  -0.57  -1.21  -0.09  -1.68  -1.64  -0.11  -0.88
      1.68   1.56   1.47   2.51   1.34   2.06  -0.77  -0.10  -0.55  -1.07   0.06  -1.66  -1.64   0.08  -0.86
      1.49   1.71   1.54   2.26   1.82   2.18  -0.86   0.17  -0.52  -0.98   0.20  -1.64  -1.55   0.17  -0.84
      1.23   1.83   1.61   1.88   2.04   2.29  -0.87   0.39  -0.49  -0.81   0.25  -1.62  -1.30   0.23  -0.81
      1.22   1.87   1.67   1.73   2.34   2.39  -0.88   0.62  -0.47  -0.75   0.39  -1.59  -1.03   0.31  -0.79
      1.16   1.96   1.74   1.59   2.55   2.50  -0.59   0.69  -0.44  -0.70   0.44  -1.56  -0.67   0.16  -0.77
      0.88   1.98   1.80   1.27   2.53   2.61  -0.41   0.84  -0.42  -0.59   0.61  -1.54  -0.45   0.20  -0.74
      0.42   1.82   1.82   0.78   2.36   2.64  -0.41   0.63  -0.40  -0.69   0.68  -1.52  -0.39   0.09  -0.73
      0.36   1.97   1.83   0.56   2.19   2.67  -0.34   0.50  -0.39  -0.75   0.78  -1.49  -0.21   0.15  -0.72
      0.82   2.12   1.88   1.13   2.06   2.79   0.03   0.24  -0.37  -0.79   0.87  -1.47   0.09   0.33  -0.70
      1.17   2.20   1.92   1.46   2.05   2.88   0.36   0.05  -0.34  -0.65   1.02  -1.45   0.36   0.21  -0.69
      1.30   2.18   1.95   1.74   2.07   2.94   0.57   0.01  -0.33  -0.61   1.21  -1.43   0.32   0.42  -0.67
      0.95   2.34   2.00   1.51   2.27   3.04   0.55   0.06  -0.31  -0.58   1.21  -1.41   0.17   0.55  -0.66
      0.92   2.36   2.04   1.38   2.63   3.10   0.57  -0.02  -0.29  -0.40   1.41  -1.38   0.17   0.89  -0.64
      1.05   2.59   2.05   1.38   2.82   3.12   0.69   0.03  -0.27  -0.21   1.46  -1.36   0.28   0.90  -0.62
      1.00   2.72   2.09   1.28   2.89   3.15   0.83   0.26  -0.26  -0.11   1.52  -1.33   0.49   1.09  -0.60
      1.21   2.74   2.11   1.43   3.14   3.18   0.89   0.43  -0.26   0.07   1.41  -1.30   0.46   1.03  -0.59
      1.18   2.63   2.13   1.52   3.04   3.16   0.86   0.56  -0.26   0.27   1.29  -1.27   0.52   1.06  -0.57
      1.05   2.58   2.11   1.47   3.16   3.08   0.85   0.50  -0.27   0.36   1.36  -1.23   0.47   0.92  -0.56
      0.90   2.40   2.10   1.43   3.20   3.01   0.76   0.43  -0.28   0.36   1.17  -1.20   0.54   0.86  -0.55
      0.77   2.26   2.07   1.32   3.07   2.90   0.64   0.43  -0.29   0.27   0.86  -1.16   0.67   0.60  -0.55
      0.61   2.06   2.03   1.04   2.70   2.77   0.58   0.25  -0.31   0.09   0.51  -1.13   0.68   0.39  -0.55
      0.58   1.90   2.00   0.97   2.49   2.66   0.79   0.04  -0.32  -0.04   0.16  -1.09   0.71   0.34  -0.55
      0.50   1.77   1.97   0.86   2.35   2.53   0.70  -0.18  -0.33  -0.19  -0.16  -1.06   0.58  -0.24  -0.56
      0.30   1.69   1.96   0.80   2.26   2.43   0.56  -0.46  -0.34  -0.32  -0.34  -1.03   0.41  -0.55  -0.56
      0.43   1.48   1.91   0.66   1.91   2.29   0.61  -0.55  -0.35  -0.37  -0.46  -1.01   0.35  -0.79  -0.56
      0.64   1.40   1.93   0.71   1.76   2.25   0.63  -0.65  -0.36  -0.24  -0.65  -0.97   0.31  -0.92  -0.56
      0.70   1.29   1.87   0.76   1.56   2.09   0.70  -0.70  -0.36  -0.26  -0.82  -0.93   0.42  -1.02  -0.55
      0.64   1.14   1.84   0.79   1.31   1.99   0.81  -0.58  -0.36  -0.28  -0.89  -0.90   0.37  -1.00  -0.55
      0.54   1.05   1.80   0.82   1.13   1.87   0.76  -0.22  -0.36  -0.34  -0.89  -0.84   0.41  -0.80  -0.54
      0.34   0.96   1.78   0.86   1.02   1.79   0.81  -0.10  -0.37  -0.41  -0.80  -0.80   0.36  -0.47  -0.53
      0.46   0.93   1.76   0.95   1.00   1.71   0.82   0.06  -0.37  -0.40  -0.69  -0.74   0.33  -0.34  -0.51
      0.44   0.83   1.74   0.86   0.77   1.62   0.88   0.06  -0.37  -0.36  -0.65  -0.67   0.35  -0.27  -0.49
      0.42   0.68   1.70   0.84   0.81   1.53   0.97   0.05  -0.37  -0.04  -0.59  -0.61   0.48  -0.29  -0.47
      0.55   0.53   1.68   0.93   0.78   1.46   0.97  -0.02  -0.37  -0.04  -0.60  -0.53   0.49  -0.29  -0.44
      0.39   0.50   1.66   0.89   0.71   1.39   0.96  -0.04  -0.37   0.15  -0.62  -0.44   0.39  -0.30  -0.41
      0.60   0.44   1.64   0.98   0.68   1.32   1.07  -0.15  -0.36   0.32  -0.69  -0.34   0.48  -0.34  -0.38
      0.59   0.37   1.62   1.07   0.52   1.25   1.08  -0.23  -0.36   0.34  -0.79  -0.23   0.49  -0.45  -0.34
      0.71   0.40   1.58   1.13   0.45   1.17   1.14  -0.34  -0.36   0.39  -0.78  -0.11   0.46  -0.62  -0.30
      0.54   0.33   1.55   1.18   0.26   1.09   0.95  -0.50  -0.35   0.60  -0.64   0.01   0.50  -0.70  -0.26
      0.47   0.18   1.49   1.09   0.19   1.00   0.82  -0.74  -0.34   0.56  -0.44   0.12   0.35  -0.65  -0.21
      0.51   0.07   1.43   1.21   0.06   0.92   0.74  -0.79  -0.33   0.53  -0.29   0.23   0.19  -0.50  -0.15
      0.26  -0.02   1.35   1.06  -0.10   0.82   0.78  -0.67  -0.32   0.37  -0.25   0.30   0.23  -0.37  -0.10
      0.61  -0.14   1.27   1.18  -0.17   0.72   0.77  -0.56  -0.30   0.47  -0.12   0.35   0.20  -0.26  -0.05
      0.60  -0.22   1.23   1.05  -0.25   0.66   0.83  -0.41  -0.28   0.50  -0.06   0.36   0.30  -0.19   0.00
      0.81  -0.27   1.16   1.06  -0.25   0.57   0.57  -0.38  -0.25   0.54   0.00   0.36   0.19  -0.18   0.04
      0.68  -0.29   1.11   0.78  -0.34   0.51   0.59  -0.32  -0.23   0.46   0.11   0.33   0.17  -0.09   0.06
      0.75  -0.22   1.09   0.65  -0.39   0.47   0.55  -0.18  -0.22   0.49   0.09   0.35   0.18   0.01   0.06
      0.78  -0.25   1.04   0.60  -0.41   0.40   0.61  -0.15  -0.20   0.48   0.16   0.41   0.25   0.04   0.06
      0.86  -0.29   1.01   0.75  -0.40   0.35   0.47  -0.06  -0.20   0.33   0.36   0.48   0.33   0.12   0.06
      0.80  -0.25   0.99   0.64  -0.45   0.32   0.44   0.01  -0.21   0.30   0.43   0.58   0.32   0.15   0.05
      0.75  -0.30   0.93   0.67  -0.41   0.26   0.25   0.07  -0.23   0.14   0.43   0.63   0.17   0.21   0.04
      0.61  -0.34   0.88   0.52  -0.39   0.21  -0.04   0.02  -0.23   0.06   0.47   0.71  -0.02   0.24   0.06
      0.28  -0.28   0.84   0.36  -0.35   0.16   0.11   0.04  -0.24  -0.00   0.50   0.75  -0.08   0.26   0.05
      0.51  -0.30   0.78   0.37  -0.32   0.12   0.22   0.05  -0.25   0.17   0.46   0.77   0.12   0.19   0.05
      0.49  -0.34   0.69   0.31  -0.28   0.05   0.09   0.03  -0.25   0.14   0.44   0.80   0.01   0.16   0.06
      0.31  -0.35   0.64   0.16  -0.24   0.00   0.07  -0.09  -0.26  -0.02   0.42   0.81   0.01   0.12   0.06
      0.34  -0.27   0.56   0.23  -0.19  -0.05  -0.10  -0.14  -0.27  -0.21   0.42   0.79  -0.08   0.11   0.04
      0.21  -0.21   0.48   0.22  -0.22  -0.10  -0.15  -0.17  -0.27  -0.30   0.45   0.80  -0.09   0.12   0.04
      0.07  -0.16   0.40   0.10  -0.18  -0.15  -0.28  -0.24  -0.27  -0.50   0.41   0.77  -0.17   0.06   0.01
     -0.07  -0.14   0.31  -0.02  -0.25  -0.21  -0.48  -0.24  -0.27  -0.70   0.42   0.76  -0.14   0.06  -0.00
     -0.20  -0.11   0.24  -0.17  -0.23  -0.25  -0.58  -0.26  -0.28  -0.49   0.41   0.73  -0.28   0.04  -0.03
     -0.31  -0.09   0.16  -0.26  -0.30  -0.30  -0.97  -0.27  -0.29  -1.11   0.41   0.65  -0.94   0.03  -0.05
     -0.56  -0.11   0.09  -0.42  -0.27  -0.34  -1.08  -0.26  -0.28  -1.64   0.46   0.59  -1.09   0.03  -0.06
     -0.36  -0.15   0.01  -0.25  -0.25  -0.38  -0.84  -0.29  -0.28  -1.64   0.44   0.55  -1.12  -0.02  -0.07
     -0.69  -0.18  -0.05  -0.52  -0.23  -0.41  -0.93  -0.29  -0.28  -1.65   0.43   0.49  -1.21  -0.01  -0.09
     -0.81  -0.29  -0.11  -0.49  -0.21  -0.44  -0.79  -0.24  -0.26  -1.67   0.43   0.43  -1.11   0.01  -0.11
     -0.74  -0.30  -0.18  -0.38  -0.20  -0.47  -0.98  -0.23  -0.25  -1.65   0.50   0.37  -1.29   0.07  -0.10
     -0.78  -0.30  -0.23  -0.43  -0.13  -0.49  -1.07  -0.23  -0.23  -1.38   0.54   0.31  -1.22   0.07  -0.09
     -0.66  -0.31  -0.28  -0.45  -0.07  -0.52  -1.06  -0.30  -0.22  -1.38   0.57   0.27  -1.28   0.08  -0.07
     -0.72  -0.33  -0.31  -0.46  -0.09  -0.53  -1.18  -0.29  -0.20  -1.42   0.62   0.25  -1.38   0.14  -0.03
     -0.75  -0.23  -0.36  -0.48  -0.01  -0.56  -1.25  -0.27  -0.19  -1.42   0.68   0.23  -1.42   0.08  -0.00
     -0.58  -0.11  -0.40  -0.48   0.08  -0.57  -1.36  -0.19  -0.18  -1.45   0.68   0.24  -1.45   0.12   0.03
     -1.09  -0.12  -0.42  -0.83   0.07  -0.59  -1.50  -0.20  -0.16  -1.47   0.73   0.27  -1.44   0.12   0.07
     -1.14   0.06  -0.45  -0.95   0.06  -0.60  -1.59  -0.14  -0.16  -1.54   0.80   0.30  -1.46   0.14   0.10
     -1.16   0.17  -0.48  -1.02   0.06  -0.62  -1.43  -0.14  -0.15  -1.40   0.79   0.35  -1.40   0.22   0.14
     -0.96   0.24  -0.50  -0.92   0.14  -0.63  -1.59  -0.04  -0.15  -1.51   0.84   0.41  -1.49   0.27   0.16
     -1.10   0.21  -0.52  -1.02   0.05  -0.64  -1.61   0.07  -0.14  -1.46   0.83   0.47  -1.41   0.38   0.19
     -1.30   0.29  -0.54  -1.19   0.11  -0.65  -1.50   0.11  -0.13  -1.36   0.93   0.54  -1.42   0.45   0.21
     -1.17   0.30  -0.58  -1.14   0.07  -0.67  -1.49   0.25  -0.13  -1.44   0.97   0.61  -1.32   0.52   0.22
     -1.16   0.32  -0.61  -1.11   0.03  -0.69  -1.22   0.31  -0.14  -1.57   1.00   0.66  -1.19   0.63   0.22
     -1.08   0.45  -0.63  -1.09   0.04  -0.70  -1.28   0.37  -0.13  -1.62   1.05   0.72  -1.24   0.67   0.23
     -1.12   0.46  -0.66  -1.09   0.07  -0.71  -1.27   0.41  -0.13  -1.56   1.06   0.76  -1.23   0.72   0.23
     -1.03   0.41  -0.69  -1.09   0.07  -0.72  -1.35   0.54  -0.13  -1.56   1.13   0.81  -1.30   0.76   0.23
     -1.13   0.45  -0.71  -1.14   0.12  -0.73  -1.37   0.57  -0.15  -1.50   1.16   0.82  -1.24   0.79   0.22
     -1.19   0.48  -0.74  -1.19   0.11  -0.75  -1.25   0.59  -0.15  -1.46   1.15   0.84  -1.31   0.89   0.22
     -1.31   0.49  -0.77  -1.26   0.15  -0.76  -1.23   0.61  -0.15  -1.56   1.21   0.85  -1.35   0.92   0.21
     -1.29   0.54  -0.79  -1.22   0.15  -0.77  -1.11   0.64  -0.16  -1.58   1.25   0.87  -1.22   0.92   0.21
     -1.33   0.52  -0.81  -1.30   0.11  -0.78  -1.14   0.67  -0.17  -1.58   1.25   0.87  -1.27   0.97   0.20
     -1.33   0.67  -0.84  -1.32   0.15  -0.79  -1.11   0.70  -0.18  -1.60   1.30   0.88  -1.26   1.01   0.18
     -1.22   0.68  -0.87  -1.22   0.17  -0.80  -1.00   0.83  -0.18  -1.71   1.33   0.89  -1.18   1.11   0.17
     -1.20   0.75  -0.89  -1.26   0.19  -0.80  -1.02   0.86  -0.20  -1.63   1.34   0.91  -1.18   1.14   0.16
     -1.18   0.75  -0.93  -1.30   0.22  -0.82  -0.93   0.89  -0.21  -1.64   1.38   0.92  -1.12   1.17   0.15
     -1.23   0.78  -0.95  -1.32   0.25  -0.83  -0.89   0.92  -0.23  -1.68   1.41   0.92  -1.12   1.20   0.13
     -1.08   0.88  -0.97  -1.18   0.32  -0.83  -0.93   0.93  -0.24  -1.66   1.44   0.93  -1.07   1.21   0.12
     -1.12   0.78  -1.00  -1.22   0.25  -0.84  -0.92   1.05  -0.26  -1.64   1.42   0.94  -1.07   1.27   0.10
     -1.02   0.89  -1.03  -1.13   0.26  -0.85  -0.89   0.94  -0.29  -1.62   1.43   0.95  -1.08   1.23   0.08
     -0.91   0.81  -1.06  -1.13   0.26  -0.86  -0.95   0.92  -0.31  -1.56   1.36   0.94  -1.16   1.15   0.06
     -0.93   0.70  -1.08  -1.14   0.28  -0.87  -1.06   0.82  -0.33  -1.56   1.33   0.92  -1.27   1.07   0.03
     -0.78   0.75  -1.10  -1.04   0.17  -0.87  -1.12   0.72  -0.36  -1.51   1.30   0.88  -1.27   0.98  -0.02
     -1.08   0.63  -1.12  -1.23   0.05  -0.88  -1.16   0.62  -0.38  -1.53   1.28   0.84  -1.35   0.89  -0.05
     -1.07   0.51  -1.14  -1.26  -0.01  -0.89  -1.29   0.53  -0.40  -1.38   1.23   0.80  -1.37   0.80  -0.09
     -1.09   0.38  -1.16  -1.27  -0.12  -0.89  -1.28   0.45  -0.42  -1.21   1.17   0.76  -1.25   0.71  -0.12
     -1.32   0.30  -1.17  -1.42  -0.11  -0.90  -1.46   0.36  -0.44  -1.26   1.16   0.69  -1.29   0.56  -0.17
     -1.40   0.11  -1.20  -1.47  -0.26  -0.91  -1.42   0.28  -0.46  -1.15   1.06   0.63  -1.26   0.57  -0.21
     -1.48  -0.00  -1.21  -1.49  -0.36  -0.91  -1.34   0.20  -0.49  -0.97   1.01   0.58  -1.29   0.48  -0.26
     -1.25  -0.28  -1.23  -1.33  -0.39  -0.91  -1.45   0.18  -0.51  -0.97   0.91   0.56  -1.25   0.33  -0.30
     -1.36  -0.39  -1.25  -1.42  -0.51  -0.92  -1.46   0.10  -0.52  -0.97   0.90   0.54  -1.26   0.33  -0.33
     -1.26  -0.58  -1.26  -1.32  -0.52  -0.92  -1.32   0.03  -0.54  -0.92   0.84   0.53  -1.12   0.26  -0.36
     -1.44  -0.70  -1.27  -1.47  -0.69  -0.93  -1.35   0.01  -0.57  -0.95   0.83   0.52  -1.22   0.26  -0.40
     -1.55  -0.61  -1.28  -1.52  -0.79  -0.93  -1.30  -0.07  -0.59  -0.87   0.73   0.51  -1.14   0.18  -0.43
     -1.70  -0.77  -1.28  -1.62  -0.84  -0.93  -1.28  -0.14  -0.60  -0.98   0.71   0.55  -1.09   0.18  -0.45
     -1.84  -0.85  -1.28  -1.75  -0.96  -0.93  -1.20  -0.16  -0.62  -1.15   0.70   0.55  -1.05   0.16  -0.47
     -1.77  -0.88  -1.27  -1.69  -1.01  -0.93  -1.21  -0.16  -0.64  -1.05   0.66   0.59  -0.87   0.13  -0.49
     -1.56  -0.95  -1.26  -1.56  -1.02  -0.92  -1.27  -0.23  -0.65  -1.26   0.68   0.62  -0.80   0.14  -0.50
     -1.35  -0.94  -1.26  -1.37  -1.05  -0.92  -1.29  -0.23  -0.66  -1.15   0.63   0.66  -0.90   0.12  -0.51
     -1.42  -1.01  -1.25  -1.39  -1.08  -0.92  -1.06  -0.28  -0.67  -0.91   0.57   0.70  -0.71   0.09  -0.51
     -1.10  -1.02  -1.25  -1.16  -1.13  -0.92  -0.90  -0.32  -0.68  -0.74   0.52   0.70  -0.67   0.06  -0.52
     -1.06  -1.07  -1.25  -1.08  -1.17  -0.91  -0.93  -0.31  -0.69  -0.60   0.40   0.72  -0.81  -0.02  -0.52
     -0.89  -1.07  -1.26  -0.94  -1.26  -0.91  -0.87  -0.30  -0.69  -0.37   0.44   0.74  -0.65   0.00  -0.51
     -0.87  -1.16  -1.26  -0.90  -1.33  -0.91  -0.81  -0.42  -0.69  -0.29   0.35   0.72  -0.60  -0.05  -0.51
     -0.88  -1.14  -1.27  -0.89  -1.41  -0.91  -0.60  -0.47  -0.69  -0.20   0.22   0.70  -0.49  -0.15  -0.51
     -0.93  -1.18  -1.28  -0.85  -1.45  -0.91  -0.61  -0.60  -0.70  -0.03   0.09   0.64  -0.37  -0.23  -0.52
     -0.95  -1.19  -1.29  -0.86  -1.51  -0.91  -0.58  -0.72  -0.70  -0.00   0.15   0.61  -0.40  -0.31  -0.52
     -1.01  -1.26  -1.29  -0.85  -1.52  -0.92  -0.40  -0.87  -0.70   0.09  -0.02   0.58  -0.21  -0.47  -0.53
     -0.76  -1.30  -1.30  -0.70  -1.54  -0.92  -0.42  -0.98  -0.69   0.12  -0.12   0.54  -0.16  -0.60  -0.53
     -1.05  -1.38  -1.31  -0.90  -1.55  -0.92  -0.37  -1.11  -0.69   0.23  -0.15   0.51  -0.16  -0.58  -0.54
     -0.76  -1.42  -1.31  -0.71  -1.56  -0.92  -0.28  -1.15  -0.69   0.22  -0.30   0.48  -0.04  -0.74  -0.54
     -0.98  -1.43  -1.32  -0.78  -1.59  -0.92  -0.22  -1.05  -0.69   0.38  -0.39   0.45   0.09  -0.86  -0.55
     -0.74  -1.54  -1.32  -0.68  -1.60  -0.92  -0.18  -0.98  -0.68   0.38  -0.37   0.43   0.17  -1.00  -0.55
     -0.79  -1.56  -1.32  -0.61  -1.60  -0.92   0.08  -0.83  -0.69   0.58  -0.48   0.38   0.37  -0.98  -0.56
     -0.55  -1.63  -1.31  -0.58  -1.61  -0.91   0.13  -0.79  -0.68   0.57  -0.57   0.37   0.44  -0.93  -0.57
     -0.69  -1.71  -1.31  -0.57  -1.66  -0.91   0.21  -0.82  -0.68   0.71  -0.50   0.36   0.55  -0.86  -0.57
     -0.54  -1.76  -1.31  -0.51  -1.65  -0.91   0.28  -0.73  -0.68   0.89  -0.47   0.36   0.61  -0.78  -0.57
     -0.28  -1.81  -1.30  -0.41  -1.64  -0.91   0.27  -0.72  -0.67   0.72  -0.40   0.36   0.39  -0.69  -0.58
      0.03  -1.77  -1.30  -0.23  -1.68  -0.91   0.27  -0.71  -0.67   0.78  -0.25   0.36   0.39  -0.63  -0.58
     -0.01  -1.82  -1.29  -0.31  -1.64  -0.91   0.48  -0.65  -0.67   0.97  -0.25   0.39   0.61  -0.55  -0.58
     -0.04  -1.76  -1.28  -0.38  -1.64  -0.91   0.60  -0.63  -0.67   0.89  -0.16   0.41   0.74  -0.56  -0.57
      0.23  -1.78  -1.27  -0.28  -1.67  -0.90   0.40  -0.70  -0.67   0.76  -0.11   0.43   0.64  -0.53  -0.56
      0.26  -1.75  -1.27  -0.23  -1.63  -0.91   0.38  -0.72  -0.67   0.76  -0.08   0.45   0.64  -0.53  -0.56
      0.11  -1.82  -1.27  -0.28  -1.61  -0.91   0.40  -0.84  -0.66   0.89  -0.12   0.49   0.57  -0.50  -0.54
      0.22  -1.77  -1.26  -0.20  -1.65  -0.91   0.43  -1.24  -0.66   0.86  -0.14   0.53   0.55  -0.53  -0.53
      0.26  -1.76  -1.25  -0.20  -1.64  -0.91   0.57  -1.32  -0.65   1.35  -0.19   0.58   0.80  -0.57  -0.51
      0.17  -1.75  -1.26  -0.26  -1.66  -0.91   0.50  -1.46  -0.65   1.52  -0.28   0.63   0.74  -0.72  -0.50
      0.05  -1.74  -1.25  -0.38  -1.64  -0.91   0.31  -1.57  -0.64   1.67  -0.41   0.69   0.78  -1.22  -0.48
      0.17  -1.74  -1.25  -0.36  -1.67  -0.92   0.33  -1.56  -0.63   1.85  -0.88   0.76   0.99  -1.50  -0.46
     -0.05  -1.69  -1.24  -0.56  -1.61  -0.92   0.16  -1.62  -0.62   2.14  -1.43   0.80   1.16  -1.38  -0.43
      0.08  -1.69  -1.22  -0.51  -1.65  -0.92   0.28  -1.62  -0.60   2.26  -1.51   0.81   1.34  -1.31  -0.41
      0.24  -1.69  -1.21  -0.40  -1.60  -0.92   0.30  -1.64  -0.59   2.29  -1.42   0.81   1.34  -1.38  -0.39
      0.13  -1.60  -1.19  -0.46  -1.58  -0.91   0.39  -1.65  -0.58   2.50  -1.07   0.78   1.57  -1.44  -0.38
      0.02  -1.59  -1.18  -0.62  -1.57  -0.91   0.55  -1.62  -0.57   2.58  -0.98   0.75   1.68  -1.46  -0.37
     -0.20  -1.55  -1.16  -1.04  -1.55  -0.91   0.80  -1.61  -0.55   2.62  -0.82   0.73   1.84  -1.49  -0.35
      0.06  -1.52  -1.14  -1.08  -1.56  -0.90   0.96  -1.57  -0.54   2.67  -0.86   0.67   2.00  -1.56  -0.35
      0.15  -1.52  -1.12  -1.12  -1.53  -0.90   1.20  -1.56  -0.53   2.73  -0.83   0.65   2.21  -1.56  -0.33
      0.52  -1.51  -1.10  -0.93  -1.51  -0.89   1.35  -1.51  -0.52   2.72  -0.81   0.61   2.20  -1.57  -0.34
      0.42  -1.56  -1.11  -0.96  -1.48  -0.89   1.35  -1.48  -0.52   2.63  -0.91   0.56   2.23  -1.59  -0.34
      0.35  -1.50  -1.11  -0.92  -1.41  -0.89   1.37  -1.45  -0.53   2.50  -0.94   0.49   2.18  -1.57  -0.37
      0.51  -1.49  -1.11  -0.81  -1.36  -0.89   1.48  -1.40  -0.52   2.40  -0.96   0.47   2.24  -1.54  -0.37
      0.75  -1.47  -1.11  -0.54  -1.36  -0.89   1.26  -1.37  -0.53   2.18  -1.07   0.42   1.94  -1.55  -0.39
      0.51  -1.45  -1.11  -0.49  -1.34  -0.89   1.07  -1.19  -0.53   1.97  -1.10   0.40   1.66  -1.52  -0.40
      0.17  -1.44  -1.12  -0.54  -1.38  -0.89   0.84  -1.18  -0.54   1.61  -1.12   0.34   1.42  -1.48  -0.43
      0.07  -1.40  -1.12  -0.54  -1.37  -0.89   1.08  -1.06  -0.53   1.34  -1.15   0.32   1.34  -1.48  -0.43
     -0.11  -1.37  -1.12  -0.53  -1.35  -0.89   1.12  -1.04  -0.53   1.39  -1.19   0.26   1.41  -1.44  -0.44
     -0.20  -1.41  -1.13  -0.59  -1.34  -0.89   1.26  -0.89  -0.52   1.50  -1.16   0.23   1.52  -1.39  -0.44
     -0.26  -1.40  -1.13  -0.68  -1.33  -0.89   1.33  -0.75  -0.51   1.65  -1.26   0.17   1.66  -1.28  -0.44
     -0.42  -1.39  -1.13  -0.76  -1.26  -0.89   1.29  -0.72  -0.50   1.59  -1.28   0.14   1.72  -1.16  -0.44
     -0.37  -1.31  -1.12  -0.71  -1.29  -0.88   1.28  -0.60  -0.49   1.77  -1.19   0.10   1.71  -1.14  -0.43
     -0.26  -1.26  -1.13  -0.70  -1.26  -0.88   1.30  -0.57  -0.49   1.92  -1.29   0.05   1.75  -0.98  -0.44
     -0.32  -1.25  -1.12  -0.67  -1.24  -0.88   1.33  -0.37  -0.48   1.64  -1.29   0.02   1.70  -0.83  -0.44
     -0.51  -1.20  -1.11  -0.73  -1.18  -0.88   1.21  -0.33  -0.47   1.56  -1.29  -0.02   1.47  -0.80  -0.44
     -0.78  -1.17  -1.11  -0.81  -1.17  -0.87   1.11  -0.21  -0.47   1.46  -1.27  -0.06   1.43  -0.64  -0.45
     -0.75  -1.16  -1.09  -0.65  -1.16  -0.86   1.00  -0.08  -0.46   1.28  -1.24  -0.10   1.21  -0.51  -0.46
     -0.84  -1.18  -1.09  -0.66  -1.02  -0.86   1.04  -0.04  -0.45   1.16  -1.24  -0.13   1.23  -0.40  -0.46
     -0.66  -1.05  -1.07  -0.56  -1.07  -0.85   0.83   0.05  -0.44   1.03  -1.08  -0.18   1.14  -0.36  -0.47
     -0.52  -1.10  -1.06  -0.53  -1.05  -0.84   0.92   0.11  -0.43   1.15  -0.93  -0.22   1.36  -0.28  -0.47
     -0.47  -0.94  -1.03  -0.50  -1.00  -0.83   0.84   0.14  -0.41   1.10  -0.70  -0.24   1.36  -0.24  -0.46
     -0.60  -0.83  -1.01  -0.54  -0.96  -0.82   1.08   0.16  -0.39   1.32  -0.58  -0.25   1.48  -0.20  -0.46
     -0.70  -0.87  -0.98  -0.60  -0.85  -0.81   1.10   0.23  -0.37   1.10  -0.51  -0.25   1.30  -0.20  -0.44
     -0.60  -0.65  -0.95  -0.65  -0.78  -0.80   1.13   0.23  -0.35   1.17  -0.53  -0.24   1.22  -0.12  -0.43
     -0.71  -0.45  -0.92  -0.68  -0.66  -0.78   1.16   0.23  -0.33   1.06  -0.56  -0.25   1.25  -0.08  -0.42
     -0.74  -0.17  -0.88  -0.78  -0.44  -0.77   1.34   0.32  -0.29   1.05  -0.49  -0.24   1.33   0.03  -0.39
     -0.28  -0.06  -0.82  -0.56  -0.34  -0.74   1.28   0.34  -0.25   0.96  -0.43  -0.22   1.37   0.18  -0.35
     -0.33   0.10  -0.77  -0.57  -0.19  -0.72   1.40   0.50  -0.21   0.93  -0.23  -0.20   1.53   0.28  -0.31
     -0.25   0.23  -0.72  -0.52  -0.06  -0.69   1.41   0.56  -0.17   0.97  -0.19  -0.18   1.58   0.36  -0.26
     -0.14   0.24  -0.66  -0.52  -0.04  -0.66   1.49   0.65  -0.11   0.99  -0.15  -0.14   1.56   0.49  -0.19
      0.12   0.15  -0.59  -0.36  -0.09  -0.62   1.71   0.84  -0.05   1.10  -0.28  -0.10   1.61   0.52  -0.14
      0.01   0.23  -0.54  -0.40  -0.07  -0.59   1.54   0.94   0.02   1.20  -0.21  -0.07   1.52   0.48  -0.08
     -0.43   0.42  -0.46  -0.65   0.08  -0.54   1.35   0.98   0.11   1.21   0.01  -0.02   1.37   0.63  -0.00
     -0.73   0.51  -0.38  -0.63   0.17  -0.48   1.40   0.99   0.21   1.10   1.02   0.01   1.29   0.89   0.07
     -0.55   0.64  -0.32  -0.53   0.34  -0.44   1.59   1.08   0.33   0.98   1.04   0.05   1.42   1.50   0.16
     -0.26   0.75  -0.26  -0.44   0.43  -0.39   1.77   1.31   0.46   0.95   1.37   0.06   1.45   1.65   0.25
     -0.36   1.01  -0.19  -0.47   0.66  -0.34   1.91   1.87   0.60   0.91   1.70   0.10   1.56   2.03   0.35
     -0.52   1.08  -0.15  -0.56   0.87  -0.29   1.98   2.13   0.75   0.72   1.92   0.11   1.62   2.09   0.46
     -0.32   1.10  -0.10  -0.29   1.01  -0.25   1.82   2.65   0.89   0.58   1.78   0.13   1.50   2.37   0.56
     -0.01   1.28  -0.03  -0.01   1.20  -0.19   1.99   2.77   1.03   0.38   1.90   0.17   1.40   2.41   0.67
      0.29   1.40   0.01   0.11   1.29  -0.15   2.05   2.99   1.16   0.33   1.78   0.22   1.43   2.50   0.78
      0.32   1.37   0.05   0.18   1.34  -0.12   2.14   3.04   1.33   0.08   1.75   0.28   1.37   2.53   0.90
      0.53   1.23   0.09   0.28   1.09  -0.08   2.16   3.00   1.45  -0.02   1.60   0.32   1.36   2.46   1.00
      0.31   1.26   0.15   0.17   1.06  -0.03   2.10   3.06   1.60  -0.26   1.46   0.36   1.25   2.50   1.12
      0.11   1.11   0.20   0.04   0.83   0.00   1.96   2.91   1.71  -0.30   1.35   0.40   1.28   2.44   1.24
      0.17   1.00   0.24   0.19   0.70   0.03   1.56   2.80   1.81  -0.22   1.29   0.46   0.99   2.35   1.37
     -0.06   0.98   0.28   0.05   0.67   0.07   1.41   2.67   1.90  -0.25   1.26   0.49   0.95   2.19   1.48
      0.27   0.97   0.33   0.42   0.66   0.10   1.22   2.53   1.98   0.00   1.20   0.54   0.74   2.07   1.58
      0.26   0.83   0.38   0.33   0.51   0.13   1.05   2.41   2.07   0.12   1.13   0.61   0.60   2.00   1.68
      0.16   0.84   0.41   0.32   0.53   0.15   1.07   2.23   2.15   0.17   0.99   0.67   0.60   1.96   1.77
      0.31   0.86   0.47   0.29   0.55   0.19   1.14   2.09   2.21   0.28   0.84   0.76   0.57   1.89   1.86
      0.54   0.86   0.48   0.38   0.59   0.19   1.16   2.10   2.27   0.27   0.77   0.87   0.39   1.81   1.95
      0.93   0.95   0.54   0.63   0.63   0.24   1.26   2.06   2.29   0.38   0.42   0.94   0.43   1.69   2.01
      0.86   0.90   0.58   0.72   0.60   0.27   1.06   1.90   2.34   0.42   0.31   1.05   0.34   1.59   2.09
      0.99   0.86   0.64   0.76   0.68   0.30   0.84   1.85   2.36   0.52  -0.03   1.16   0.18   1.51   2.15
      0.97   0.85   0.68   0.84   0.57   0.33   0.70   1.79   2.43   0.49  -0.26   1.29   0.30   1.29   2.25
      1.10   0.76   0.72   1.00   0.52   0.36   0.66   1.58   2.47   0.53  -0.44   1.40   0.40   1.20   2.34
      1.35   0.70   0.78   1.05   0.39   0.39   0.78   1.37   2.52   0.50  -0.60   1.50   0.57   0.88   2.42
      1.55   0.62   0.84   1.18   0.33   0.43   0.91   1.07   2.60   0.67  -0.65   1.63   0.78   0.58   2.54
      1.67   0.39   0.90   1.29   0.26   0.46   1.28   0.84   2.67   0.77  -0.57   1.75   0.94   0.38   2.65
      1.94   0.32   0.95   1.44   0.31   0.49   1.56   0.63   2.74   0.87  -0.47   1.85   1.01   0.20   2.73
      2.09   0.23   1.00   1.57   0.26   0.52   1.57   0.44   2.80   0.98  -0.39   1.95   1.00  -0.05   2.82
      2.20   0.08   1.05   1.67   0.20   0.54   1.67   0.33   2.87   0.94  -0.36   2.04   1.04  -0.14   2.88
      2.23   0.14   1.10   1.74   0.23   0.56   1.56   0.21   2.94   1.05  -0.38   2.10   1.15  -0.08   2.96
      2.16   0.04   1.14   1.70   0.15   0.58   1.30   0.14   2.99   1.06  -0.47   2.15   1.06   0.00   3.03
      2.29   0.05   1.20   1.79   0.12   0.60   1.19   0.19   3.01   1.06  -0.59   2.17   1.04   0.05   3.06
      2.52  -0.01   1.25   2.01   0.02   0.62   1.05   0.25   3.03   1.10  -0.81   2.19   1.08   0.06   3.09
      2.48  -0.06   1.32   1.96   0.05   0.65   1.30   0.27   3.05   1.12  -0.90   2.21   1.31  -0.05   3.09
      2.80  -0.08   1.39   2.17   0.08   0.68   1.46   0.18   3.06   1.12  -0.96   2.18   1.41  -0.15   3.08
      2.81  -0.06   1.39   2.25   0.03   0.67   1.67   0.12   3.01   1.14  -0.98   2.12   1.55  -0.31   3.02
      2.80   0.00   1.43   2.23   0.00   0.67   1.79  -0.04   2.94   1.14  -0.99   2.07   1.54  -0.39   2.95
      2.34   0.03   1.42   2.04   0.01   0.64   1.81  -0.13   2.88   1.16  -0.97   2.00   1.61  -0.44   2.87
      1.98   0.05   1.38   1.71  -0.07   0.59   1.72  -0.15   2.83   1.08  -0.94   1.95   1.51  -0.46   2.80
      1.79   0.10   1.35   1.58  -0.06   0.56   1.58  -0.17   2.71   0.96  -0.92   1.89   1.42  -0.47   2.69
      1.67   0.13   1.27   1.50   0.04   0.49   1.21  -0.18   2.60   0.79  -0.83   1.82   1.14  -0.45   2.58
      1.35   0.14   1.18   1.35  -0.02   0.41   1.15  -0.19   2.48   0.71  -0.77   1.73   1.06  -0.43   2.46
      1.05   0.05   1.11   1.11  -0.05   0.35   0.90  -0.16   2.37   0.61  -0.69   1.60   0.94  -0.42   2.35
      0.79   0.06   1.02   0.93  -0.04   0.28   0.74  -0.15   2.23   0.54  -0.71   1.45   0.77  -0.32   2.19
      0.42   0.00   0.93   0.55  -0.08   0.22   0.66  -0.10   2.10   0.51  -0.48   1.31   0.70  -0.24   2.04
      0.14   0.04   0.85   0.36   0.00   0.16   0.81  -0.05   2.02   0.50  -0.40   1.18   0.81  -0.14   1.93
     -0.12   0.05   0.80   0.14  -0.04   0.13   0.81   0.02   1.90   0.53  -0.37   1.01   0.80  -0.03   1.80
     -0.18   0.02   0.71   0.04  -0.02   0.08   0.76   0.12   1.81   0.52  -0.38   0.89   0.81   0.04   1.73
     -0.01   0.00   0.65   0.18  -0.05   0.05   0.80   0.23   1.74   0.45  -0.42   0.83   0.84   0.07   1.67
     -0.15   0.01   0.60   0.08   0.04   0.02   0.68   0.30   1.63   0.43  -0.49   0.78   0.78   0.09   1.58
     -0.23   0.12   0.56   0.14   0.06  -0.00   0.72   0.34   1.56   0.35  -0.50   0.76   0.74   0.08   1.52
     -0.18   0.05   0.53   0.25  -0.00  -0.01   0.64   0.33   1.47   0.30  -0.55   0.71   0.68   0.03   1.43
     -0.19   0.19   0.48   0.23   0.11  -0.03   0.53   0.27   1.40   0.32  -0.56   0.67   0.65  -0.06   1.37
     -0.37   0.17   0.45   0.16   0.08  -0.05   0.42   0.22   1.34   0.35  -0.55   0.63   0.57  -0.13   1.32
     -0.45   0.14   0.41   0.08   0.04  -0.06   0.36   0.22   1.27   0.33  -0.52   0.59   0.57  -0.15   1.27
